EvalNumber,Softmax0.1,MostCTR,SoftmaxContextual0.1,LinUCB(0.1),NaiveBayesContextual,BinomialUCI,UCB1,
100,0.24,0.16,0.09,0.13,0.16,0.14,0.08,
200,0.215,0.14,0.12,0.135,0.165,0.13,0.095,
300,0.19,0.123333333333,0.123333333333,0.136666666667,0.146666666667,0.15,0.13,
400,0.1775,0.1175,0.1275,0.145,0.1425,0.1375,0.1525,
500,0.19,0.122,0.128,0.144,0.14,0.134,0.142,
600,0.19,0.128333333333,0.13,0.143333333333,0.138333333333,0.138333333333,0.131666666667,
700,0.178571428571,0.127142857143,0.128571428571,0.148571428571,0.138571428571,0.135714285714,0.142857142857,
800,0.17,0.1275,0.125,0.14875,0.14625,0.14125,0.14125,
900,0.165555555556,0.128888888889,0.126666666667,0.148888888889,0.142222222222,0.142222222222,0.145555555556,
1000,0.164,0.127,0.132,0.148,0.143,0.143,0.143,
1100,0.16,0.119090909091,0.135454545455,0.15,0.140909090909,0.148181818182,0.146363636364,
1200,0.158333333333,0.125,0.138333333333,0.143333333333,0.138333333333,0.149166666667,0.1475,
1300,0.155384615385,0.123846153846,0.139230769231,0.143846153846,0.141538461538,0.148461538462,0.147692307692,
1400,0.156428571429,0.123571428571,0.144285714286,0.142857142857,0.139285714286,0.145714285714,0.147857142857,
1500,0.154,0.122666666667,0.144,0.14,0.141333333333,0.15,0.148,
1600,0.154375,0.1225,0.145,0.141875,0.14,0.15125,0.145,
1700,0.154117647059,0.122941176471,0.145294117647,0.14,0.138823529412,0.151764705882,0.147058823529,
1800,0.154444444444,0.123888888889,0.146666666667,0.141666666667,0.138333333333,0.15,0.145,
1900,0.157368421053,0.13,0.145789473684,0.141578947368,0.131578947368,0.153157894737,0.140526315789,
2000,0.1575,0.13,0.1465,0.1395,0.1325,0.1505,0.1435,
2100,0.154761904762,0.132857142857,0.144285714286,0.139523809524,0.134285714286,0.152380952381,0.141904761905,
2200,0.154545454545,0.133636363636,0.142727272727,0.140909090909,0.135,0.152272727273,0.140909090909,
2300,0.154782608696,0.133913043478,0.142173913043,0.14347826087,0.134347826087,0.149130434783,0.142173913043,
2400,0.153333333333,0.134166666667,0.141666666667,0.143333333333,0.13125,0.152916666667,0.143333333333,
2500,0.154,0.138,0.1404,0.1424,0.1332,0.15,0.142,
2600,0.156153846154,0.138846153846,0.139230769231,0.141538461538,0.133076923077,0.15,0.141153846154,
2700,0.156666666667,0.138888888889,0.139259259259,0.14037037037,0.132962962963,0.15037037037,0.141481481481,
2800,0.155714285714,0.140357142857,0.141071428571,0.138928571429,0.136071428571,0.148928571429,0.138928571429,
2900,0.153793103448,0.140689655172,0.141034482759,0.139655172414,0.137586206897,0.147931034483,0.139310344828,
3000,0.153666666667,0.141,0.144333333333,0.138,0.138333333333,0.146666666667,0.138,
3100,0.154193548387,0.140322580645,0.144193548387,0.138064516129,0.140322580645,0.144838709677,0.138064516129,
3200,0.1525,0.14125,0.144375,0.1371875,0.14125,0.143125,0.1403125,
3300,0.152727272727,0.142121212121,0.143333333333,0.136363636364,0.142424242424,0.143333333333,0.139696969697,
3400,0.152352941176,0.142941176471,0.142058823529,0.135588235294,0.142058823529,0.143529411765,0.141470588235,
3500,0.152,0.142857142857,0.142571428571,0.134571428571,0.142285714286,0.143714285714,0.142,
3600,0.151388888889,0.143055555556,0.142222222222,0.133611111111,0.143333333333,0.144444444444,0.141944444444,
3700,0.157837837838,0.140810810811,0.145135135135,0.132432432432,0.141621621622,0.141081081081,0.141081081081,
3800,0.158684210526,0.141315789474,0.144736842105,0.131578947368,0.142105263158,0.141315789474,0.140263157895,
3900,0.16,0.141025641026,0.144871794872,0.131794871795,0.142307692308,0.140769230769,0.139230769231,
4000,0.1595,0.142,0.1455,0.1315,0.14275,0.1395,0.13925,
4100,0.158536585366,0.14243902439,0.14512195122,0.132926829268,0.142682926829,0.138536585366,0.139756097561,
4200,0.157380952381,0.14119047619,0.145238095238,0.133571428571,0.141904761905,0.139285714286,0.141428571429,
4300,0.157209302326,0.140930232558,0.145348837209,0.134186046512,0.141860465116,0.14023255814,0.14023255814,
4400,0.1575,0.14,0.144772727273,0.135227272727,0.142045454545,0.14,0.140454545455,
4500,0.158444444444,0.139555555556,0.143777777778,0.135777777778,0.142444444444,0.139333333333,0.140666666667,
4600,0.157608695652,0.139347826087,0.143695652174,0.134782608696,0.143260869565,0.140434782609,0.140869565217,
4700,0.156808510638,0.13914893617,0.143829787234,0.135957446809,0.143829787234,0.14,0.140425531915,
4800,0.156041666667,0.139166666667,0.144583333333,0.13625,0.143541666667,0.139791666667,0.140625,
4900,0.15693877551,0.138979591837,0.14387755102,0.136734693878,0.14306122449,0.14,0.140408163265,
5000,0.1564,0.1394,0.1432,0.1384,0.1436,0.1396,0.1394,
5100,0.155882352941,0.140196078431,0.143333333333,0.138039215686,0.143333333333,0.140392156863,0.138823529412,
5200,0.155769230769,0.14,0.143076923077,0.138461538462,0.143653846154,0.140576923077,0.138461538462,
5300,0.156037735849,0.140943396226,0.141698113208,0.137735849057,0.143773584906,0.141320754717,0.138490566038,
5400,0.157037037037,0.141481481481,0.140925925926,0.136296296296,0.14462962963,0.141111111111,0.138518518519,
5500,0.157090909091,0.140545454545,0.141636363636,0.135454545455,0.144,0.141272727273,0.14,
5600,0.1575,0.140892857143,0.142142857143,0.135,0.143214285714,0.140357142857,0.140892857143,
5700,0.15701754386,0.141052631579,0.141403508772,0.135964912281,0.14350877193,0.140701754386,0.140350877193,
5800,0.156896551724,0.141896551724,0.140344827586,0.135862068966,0.143448275862,0.141206896552,0.140344827586,
5900,0.157118644068,0.142881355932,0.140169491525,0.136101694915,0.142711864407,0.141186440678,0.139830508475,
6000,0.157,0.143,0.139333333333,0.135833333333,0.143166666667,0.141333333333,0.140333333333,
6100,0.156885245902,0.142786885246,0.139016393443,0.136393442623,0.143114754098,0.140983606557,0.140819672131,
6200,0.155806451613,0.143064516129,0.139516129032,0.137419354839,0.143225806452,0.140806451613,0.140161290323,
6300,0.155714285714,0.143650793651,0.13873015873,0.137142857143,0.142857142857,0.141746031746,0.140158730159,
6400,0.1553125,0.143125,0.13953125,0.13671875,0.1428125,0.14171875,0.14078125,
6500,0.154923076923,0.143076923077,0.140153846154,0.137692307692,0.142307692308,0.141230769231,0.140615384615,
6600,0.155151515152,0.143939393939,0.139696969697,0.138484848485,0.141515151515,0.140606060606,0.140606060606,
6700,0.154776119403,0.144029850746,0.139253731343,0.138955223881,0.142537313433,0.139552238806,0.140895522388,
6800,0.154264705882,0.145,0.139264705882,0.140441176471,0.142352941176,0.138676470588,0.14,
6900,0.153913043478,0.144637681159,0.139130434783,0.140724637681,0.14231884058,0.139130434783,0.140144927536,
7000,0.153285714286,0.145,0.139857142857,0.140714285714,0.142571428571,0.139285714286,0.139285714286,
7100,0.153098591549,0.145070422535,0.13985915493,0.14014084507,0.142957746479,0.14014084507,0.138732394366,
7200,0.153333333333,0.144583333333,0.139861111111,0.14,0.143611111111,0.140416666667,0.138194444444,
7300,0.15301369863,0.144520547945,0.140136986301,0.139589041096,0.143424657534,0.140547945205,0.138767123288,
7400,0.152702702703,0.144189189189,0.140405405405,0.13972972973,0.143918918919,0.140810810811,0.138243243243,
7500,0.153066666667,0.144266666667,0.139733333333,0.140133333333,0.143466666667,0.141333333333,0.138,
7600,0.153421052632,0.143947368421,0.140131578947,0.139605263158,0.144210526316,0.141184210526,0.1375,
7700,0.153376623377,0.143636363636,0.140519480519,0.14,0.143376623377,0.141298701299,0.137792207792,
7800,0.153205128205,0.143076923077,0.140769230769,0.141282051282,0.142307692308,0.14141025641,0.137948717949,
7900,0.152658227848,0.143164556962,0.140126582278,0.141898734177,0.142405063291,0.141518987342,0.138227848101,
8000,0.152375,0.14375,0.13975,0.142125,0.142875,0.141125,0.138,
8100,0.152716049383,0.144320987654,0.13987654321,0.141234567901,0.142345679012,0.141604938272,0.137901234568,
8200,0.153414634146,0.144146341463,0.139390243902,0.141219512195,0.142804878049,0.141585365854,0.13743902439,
8300,0.15313253012,0.144457831325,0.139879518072,0.140963855422,0.142409638554,0.140963855422,0.138192771084,
8400,0.152976190476,0.144047619048,0.140595238095,0.140952380952,0.142619047619,0.140357142857,0.138452380952,
8500,0.152352941176,0.144,0.141058823529,0.140588235294,0.143176470588,0.140235294118,0.138588235294,
8600,0.151511627907,0.143255813953,0.142093023256,0.140348837209,0.143953488372,0.13988372093,0.138953488372,
8700,0.150804597701,0.143103448276,0.141954022989,0.141379310345,0.143218390805,0.140114942529,0.139425287356,
8800,0.150568181818,0.143522727273,0.141590909091,0.140795454545,0.143409090909,0.140681818182,0.139431818182,
8900,0.150561797753,0.143707865169,0.141573033708,0.140561797753,0.14393258427,0.140112359551,0.139550561798,
9000,0.150555555556,0.143777777778,0.141111111111,0.140333333333,0.143666666667,0.139888888889,0.140666666667,
9100,0.15021978022,0.143956043956,0.141978021978,0.14021978022,0.143076923077,0.13989010989,0.140659340659,
9200,0.150217391304,0.144347826087,0.141956521739,0.140326086957,0.1425,0.139782608696,0.140869565217,
9300,0.15,0.144623655914,0.141827956989,0.140967741935,0.141935483871,0.139892473118,0.140752688172,
9400,0.15,0.144255319149,0.141808510638,0.141063829787,0.142021276596,0.140106382979,0.140744680851,
9500,0.150210526316,0.143789473684,0.141578947368,0.141157894737,0.142,0.140315789474,0.140947368421,
9600,0.149791666667,0.143854166667,0.141875,0.141145833333,0.142083333333,0.140208333333,0.141041666667,
9700,0.149175257732,0.143711340206,0.141958762887,0.141443298969,0.142164948454,0.140103092784,0.141443298969,
9800,0.149489795918,0.144285714286,0.14193877551,0.141020408163,0.142653061224,0.139489795918,0.14112244898,
9900,0.148888888889,0.144949494949,0.142222222222,0.140909090909,0.142727272727,0.139292929293,0.14101010101,
10000,0.1484,0.1449,0.1418,0.1413,0.1429,0.1396,0.1411,
10100,0.148415841584,0.144653465347,0.14198019802,0.141188118812,0.142574257426,0.14,0.141188118812,
10200,0.147549019608,0.144803921569,0.141568627451,0.141470588235,0.142745098039,0.140294117647,0.141568627451,
10300,0.146893203883,0.14572815534,0.141941747573,0.141553398058,0.142427184466,0.140291262136,0.141165048544,
10400,0.146923076923,0.145865384615,0.142307692308,0.141538461538,0.142788461538,0.140192307692,0.140384615385,
10500,0.146761904762,0.145714285714,0.142285714286,0.141619047619,0.142952380952,0.140095238095,0.140571428571,
10600,0.146698113208,0.145943396226,0.142169811321,0.14141509434,0.142641509434,0.140188679245,0.140943396226,
10700,0.14738317757,0.146074766355,0.142336448598,0.141121495327,0.141962616822,0.139906542056,0.141214953271,
10800,0.147222222222,0.145740740741,0.142685185185,0.140925925926,0.142314814815,0.139907407407,0.141203703704,
10900,0.147431192661,0.146146788991,0.142385321101,0.140275229358,0.14247706422,0.139908256881,0.141376146789,
11000,0.147727272727,0.145727272727,0.141818181818,0.140818181818,0.142727272727,0.140090909091,0.141090909091,
11100,0.147297297297,0.146036036036,0.141801801802,0.141531531532,0.142792792793,0.13990990991,0.140630630631,
11200,0.147410714286,0.145892857143,0.141785714286,0.141339285714,0.142857142857,0.14,0.140714285714,
11300,0.147256637168,0.145840707965,0.14203539823,0.141415929204,0.143451327434,0.139557522124,0.140442477876,
11400,0.147192982456,0.146315789474,0.14201754386,0.141754385965,0.143333333333,0.139298245614,0.140087719298,
11500,0.147043478261,0.145913043478,0.142782608696,0.141826086957,0.143304347826,0.139130434783,0.14,
11600,0.147672413793,0.146120689655,0.142931034483,0.141810344828,0.142672413793,0.138793103448,0.14,
11700,0.148547008547,0.146324786325,0.142735042735,0.141623931624,0.142735042735,0.138290598291,0.139743589744,
11800,0.148474576271,0.146101694915,0.142796610169,0.141779661017,0.143220338983,0.137711864407,0.139915254237,
11900,0.148403361345,0.146218487395,0.142521008403,0.141428571429,0.143445378151,0.13781512605,0.140168067227,
12000,0.148166666667,0.146083333333,0.14275,0.141583333333,0.143833333333,0.13775,0.139833333333,
12100,0.148016528926,0.146033057851,0.143553719008,0.141239669421,0.144132231405,0.137603305785,0.139421487603,
12200,0.14737704918,0.146803278689,0.143196721311,0.141393442623,0.144262295082,0.137131147541,0.139836065574,
12300,0.147154471545,0.146829268293,0.143170731707,0.141219512195,0.144390243902,0.137235772358,0.14,
12400,0.147338709677,0.146693548387,0.143306451613,0.141129032258,0.144435483871,0.136935483871,0.140161290323,
12500,0.14736,0.14656,0.14376,0.1408,0.14464,0.1368,0.14008,
12600,0.148174603175,0.14626984127,0.144603174603,0.140476190476,0.144206349206,0.136587301587,0.139682539683,
12700,0.147874015748,0.146456692913,0.144724409449,0.140236220472,0.144251968504,0.136692913386,0.139763779528,
12800,0.1478125,0.146484375,0.144921875,0.140390625,0.144140625,0.136328125,0.139921875,
12900,0.147829457364,0.146279069767,0.14488372093,0.140465116279,0.144186046512,0.136356589147,0.14,
13000,0.147923076923,0.146461538462,0.145,0.140230769231,0.144384615385,0.135923076923,0.140076923077,
13100,0.148320610687,0.146717557252,0.144961832061,0.140305343511,0.143893129771,0.135877862595,0.139923664122,
13200,0.147878787879,0.146212121212,0.144772727273,0.140909090909,0.14446969697,0.135606060606,0.140151515152,
13300,0.147744360902,0.146240601504,0.144210526316,0.141428571429,0.144661654135,0.135563909774,0.14015037594,
13400,0.148134328358,0.145970149254,0.143805970149,0.141492537313,0.145,0.135820895522,0.139776119403,
13500,0.148222222222,0.146074074074,0.144074074074,0.141703703704,0.144740740741,0.135481481481,0.139703703704,
13600,0.148308823529,0.145441176471,0.144485294118,0.141470588235,0.144926470588,0.135661764706,0.139705882353,
13700,0.148248175182,0.145547445255,0.144379562044,0.14204379562,0.144671532847,0.135547445255,0.139562043796,
13800,0.14847826087,0.145507246377,0.144057971014,0.141956521739,0.144420289855,0.136014492754,0.139565217391,
13900,0.148201438849,0.145035971223,0.144028776978,0.142230215827,0.144460431655,0.136043165468,0.14,
14000,0.148428571429,0.144785714286,0.143642857143,0.142357142857,0.144571428571,0.1365,0.139714285714,
14100,0.14829787234,0.144822695035,0.143971631206,0.142411347518,0.144468085106,0.136170212766,0.139858156028,
14200,0.148169014085,0.144718309859,0.143873239437,0.142957746479,0.143943661972,0.136267605634,0.140070422535,
14300,0.147832167832,0.144755244755,0.143916083916,0.142937062937,0.144125874126,0.136503496503,0.13993006993,
14400,0.147847222222,0.144930555556,0.143958333333,0.142777777778,0.143611111111,0.136666666667,0.140208333333,
14500,0.147862068966,0.144827586207,0.143931034483,0.142620689655,0.143862068966,0.136965517241,0.139931034483,
14600,0.147671232877,0.145068493151,0.144109589041,0.142465753425,0.143904109589,0.136780821918,0.14,
14700,0.148027210884,0.145306122449,0.14387755102,0.142585034014,0.144013605442,0.136598639456,0.139591836735,
14800,0.148445945946,0.145202702703,0.143851351351,0.142432432432,0.143783783784,0.136756756757,0.139527027027,
14900,0.148322147651,0.144899328859,0.143959731544,0.142751677852,0.143624161074,0.137181208054,0.139261744966,
15000,0.1486,0.144666666667,0.143933333333,0.1428,0.143533333333,0.136933333333,0.139533333333,
15100,0.148344370861,0.145165562914,0.143642384106,0.143178807947,0.143311258278,0.137152317881,0.139205298013,
15200,0.148223684211,0.145197368421,0.143618421053,0.142960526316,0.143552631579,0.137039473684,0.139407894737,
15300,0.148169934641,0.145032679739,0.143464052288,0.14339869281,0.143529411765,0.136862745098,0.13954248366,
15400,0.148246753247,0.14461038961,0.143636363636,0.143441558442,0.143701298701,0.136688311688,0.139675324675,
15500,0.148322580645,0.144516129032,0.143483870968,0.143677419355,0.144,0.136258064516,0.139741935484,
15600,0.148397435897,0.144294871795,0.143333333333,0.143846153846,0.143974358974,0.136602564103,0.139551282051,
15700,0.148343949045,0.144267515924,0.143121019108,0.143757961783,0.143821656051,0.136815286624,0.139872611465,
15800,0.148291139241,0.144113924051,0.143227848101,0.143670886076,0.143797468354,0.137151898734,0.139746835443,
15900,0.148113207547,0.144150943396,0.143018867925,0.143773584906,0.143647798742,0.137547169811,0.139748427673,
16000,0.1483125,0.1439375,0.143,0.1436875,0.1434375,0.1378125,0.1398125,
16100,0.148074534161,0.144161490683,0.143291925466,0.143602484472,0.143229813665,0.137577639752,0.140062111801,
16200,0.148024691358,0.144012345679,0.143209876543,0.143641975309,0.143086419753,0.137592592593,0.140432098765,
16300,0.147668711656,0.144110429448,0.143374233129,0.143435582822,0.143190184049,0.137975460123,0.140245398773,
16400,0.14756097561,0.143902439024,0.143414634146,0.143963414634,0.143231707317,0.137987804878,0.13993902439,
16500,0.147272727273,0.143818181818,0.143757575758,0.143818181818,0.143272727273,0.138060606061,0.14,
16600,0.147469879518,0.143855421687,0.143915662651,0.143614457831,0.143253012048,0.137951807229,0.139939759036,
16700,0.14754491018,0.143832335329,0.14377245509,0.143832335329,0.143173652695,0.137964071856,0.139880239521,
16800,0.14755952381,0.143988095238,0.143928571429,0.143511904762,0.143095238095,0.137976190476,0.13994047619,
16900,0.147633136095,0.144201183432,0.143727810651,0.143313609467,0.143136094675,0.138165680473,0.139822485207,
17000,0.147647058824,0.144294117647,0.143705882353,0.143411764706,0.143058823529,0.138117647059,0.139764705882,
17100,0.147426900585,0.144619883041,0.143918128655,0.143333333333,0.14298245614,0.13783625731,0.139883040936,
17200,0.147441860465,0.144360465116,0.144127906977,0.143430232558,0.142906976744,0.138081395349,0.139651162791,
17300,0.147341040462,0.144219653179,0.14387283237,0.143757225434,0.143005780347,0.138150289017,0.139653179191,
17400,0.147413793103,0.144655172414,0.14367816092,0.14367816092,0.142931034483,0.137701149425,0.139942528736,
17500,0.1472,0.144457142857,0.143771428571,0.144,0.1428,0.137771428571,0.14,
17600,0.146761363636,0.144659090909,0.143863636364,0.143863636364,0.143181818182,0.138011363636,0.139659090909,
17700,0.146723163842,0.144689265537,0.143728813559,0.14384180791,0.143163841808,0.138079096045,0.139774011299,
17800,0.146460674157,0.144887640449,0.143820224719,0.143876404494,0.14308988764,0.137921348315,0.139943820225,
17900,0.146368715084,0.144972067039,0.144301675978,0.143575418994,0.142960893855,0.138156424581,0.139664804469,
18000,0.146388888889,0.144833333333,0.144388888889,0.143333333333,0.143055555556,0.138111111111,0.139888888889,
18100,0.146408839779,0.144585635359,0.144198895028,0.14320441989,0.14320441989,0.138342541436,0.140055248619,
18200,0.146538461538,0.14467032967,0.144120879121,0.143186813187,0.143241758242,0.138186813187,0.140054945055,
18300,0.146229508197,0.144808743169,0.144371584699,0.143169398907,0.143169398907,0.138087431694,0.140163934426,
18400,0.146358695652,0.144673913043,0.144347826087,0.143097826087,0.143423913043,0.138097826087,0.14,
18500,0.146324324324,0.14427027027,0.144324324324,0.143027027027,0.143405405405,0.138162162162,0.140486486486,
18600,0.146559139785,0.144677419355,0.14435483871,0.142849462366,0.143440860215,0.137956989247,0.140161290323,
18700,0.146256684492,0.144759358289,0.144171122995,0.142673796791,0.143529411765,0.138342245989,0.140267379679,
18800,0.146276595745,0.144574468085,0.144095744681,0.142712765957,0.143404255319,0.138563829787,0.140372340426,
18900,0.145925925926,0.14455026455,0.144126984127,0.142486772487,0.143439153439,0.138888888889,0.140582010582,
19000,0.145736842105,0.144368421053,0.143842105263,0.142789473684,0.143578947368,0.138842105263,0.140842105263,
19100,0.14554973822,0.144345549738,0.143769633508,0.142879581152,0.143717277487,0.139057591623,0.140680628272,
19200,0.145520833333,0.144322916667,0.143802083333,0.143125,0.14375,0.13890625,0.140572916667,
19300,0.145492227979,0.144093264249,0.143575129534,0.143316062176,0.143730569948,0.139015544041,0.140777202073,
19400,0.145567010309,0.144175257732,0.143659793814,0.143402061856,0.143453608247,0.138969072165,0.140773195876,
19500,0.145435897436,0.143897435897,0.144,0.143128205128,0.143794871795,0.138820512821,0.140923076923,
19600,0.145510204082,0.143724489796,0.143979591837,0.143214285714,0.14362244898,0.13887755102,0.141071428571,
19700,0.14538071066,0.143756345178,0.144010152284,0.14345177665,0.143502538071,0.138883248731,0.141015228426,
19800,0.145656565657,0.143787878788,0.143888888889,0.143080808081,0.143484848485,0.138939393939,0.141161616162,
19900,0.145778894472,0.143819095477,0.144070351759,0.142964824121,0.14351758794,0.139095477387,0.140753768844,
20000,0.1454,0.1442,0.14405,0.14285,0.1432,0.13935,0.14095,
20100,0.145024875622,0.144129353234,0.143980099502,0.142786069652,0.143582089552,0.139353233831,0.141144278607,
20200,0.14504950495,0.144108910891,0.144108910891,0.14297029703,0.143366336634,0.139356435644,0.14103960396,
20300,0.145073891626,0.144187192118,0.143793103448,0.142955665025,0.14315270936,0.139802955665,0.141034482759,
20400,0.145343137255,0.144607843137,0.144117647059,0.142696078431,0.143088235294,0.139460784314,0.14068627451,
20500,0.145170731707,0.144829268293,0.143902439024,0.142634146341,0.143219512195,0.139512195122,0.140731707317,
20600,0.144854368932,0.145,0.144126213592,0.142621359223,0.143252427184,0.139466019417,0.14067961165,
20700,0.144734299517,0.145120772947,0.144202898551,0.142512077295,0.143236714976,0.139468599034,0.140724637681,
20800,0.144855769231,0.144807692308,0.144278846154,0.142788461538,0.143173076923,0.139375,0.140721153846,
20900,0.144928229665,0.144880382775,0.144162679426,0.142679425837,0.143110047847,0.1395215311,0.140717703349,
21000,0.145333333333,0.144857142857,0.144095238095,0.142571428571,0.143285714286,0.139285714286,0.140571428571,
21100,0.145450236967,0.144928909953,0.143886255924,0.142654028436,0.14327014218,0.139146919431,0.140663507109,
21200,0.145424528302,0.144811320755,0.143867924528,0.142547169811,0.143396226415,0.139103773585,0.140849056604,
21300,0.145352112676,0.144600938967,0.143802816901,0.142300469484,0.143474178404,0.139342723005,0.141126760563,
21400,0.145373831776,0.144719626168,0.143831775701,0.14214953271,0.143271028037,0.139485981308,0.141168224299,
21500,0.145255813953,0.144558139535,0.143534883721,0.14223255814,0.143441860465,0.139674418605,0.141302325581,
21600,0.145231481481,0.144490740741,0.143564814815,0.142175925926,0.143657407407,0.139722222222,0.141157407407,
21700,0.145023041475,0.145115207373,0.143179723502,0.14198156682,0.143778801843,0.139815668203,0.141105990783,
21800,0.145091743119,0.14504587156,0.143394495413,0.141926605505,0.143623853211,0.139862385321,0.141055045872,
21900,0.145205479452,0.145114155251,0.143287671233,0.141917808219,0.143652968037,0.139908675799,0.140913242009,
22000,0.144909090909,0.144909090909,0.143409090909,0.142136363636,0.143545454545,0.140045454545,0.141045454545,
22100,0.144932126697,0.144886877828,0.143484162896,0.142126696833,0.143393665158,0.140090497738,0.141085972851,
22200,0.14490990991,0.14463963964,0.143333333333,0.142207207207,0.143423423423,0.14009009009,0.141396396396,
22300,0.144932735426,0.144529147982,0.14331838565,0.142152466368,0.143587443946,0.140044843049,0.141434977578,
22400,0.145044642857,0.144508928571,0.143482142857,0.142142857143,0.143571428571,0.140044642857,0.141205357143,
22500,0.144888888889,0.144533333333,0.143466666667,0.142311111111,0.143644444444,0.139955555556,0.1412,
22600,0.144778761062,0.144690265487,0.143451327434,0.142079646018,0.143584070796,0.140265486726,0.141150442478,
22700,0.144713656388,0.144889867841,0.143436123348,0.142070484581,0.143612334802,0.140264317181,0.141013215859,
22800,0.144780701754,0.144912280702,0.143464912281,0.141929824561,0.143815789474,0.140175438596,0.140921052632,
22900,0.144716157205,0.145021834061,0.143449781659,0.141834061135,0.144061135371,0.140262008734,0.140655021834,
23000,0.144913043478,0.145304347826,0.143347826087,0.142,0.143826086957,0.14,0.140608695652,
23100,0.145064935065,0.145021645022,0.14341991342,0.142034632035,0.143766233766,0.139913419913,0.140779220779,
23200,0.145086206897,0.144913793103,0.143275862069,0.142284482759,0.143706896552,0.139870689655,0.140862068966,
23300,0.145193133047,0.144849785408,0.14339055794,0.142231759657,0.143819742489,0.139785407725,0.140729613734,
23400,0.145213675214,0.145,0.143461538462,0.142478632479,0.143675213675,0.139743589744,0.140427350427,
23500,0.145276595745,0.145234042553,0.143191489362,0.142510638298,0.143617021277,0.139787234043,0.140382978723,
23600,0.145423728814,0.145466101695,0.143050847458,0.142627118644,0.143389830508,0.139830508475,0.140211864407,
23700,0.145485232068,0.145147679325,0.142953586498,0.143248945148,0.143164556962,0.139789029536,0.140210970464,
23800,0.145462184874,0.145294117647,0.142731092437,0.143529411765,0.143067226891,0.13974789916,0.140168067227,
23900,0.145523012552,0.145355648536,0.142594142259,0.143472803347,0.143179916318,0.139665271967,0.140209205021,
24000,0.145375,0.145125,0.14275,0.1435,0.143,0.139833333333,0.140416666667,
24100,0.145477178423,0.145145228216,0.142738589212,0.143651452282,0.142946058091,0.13979253112,0.140248962656,
24200,0.145495867769,0.145165289256,0.142561983471,0.143884297521,0.143181818182,0.13979338843,0.139917355372,
24300,0.145679012346,0.145267489712,0.142674897119,0.143703703704,0.143086419753,0.13975308642,0.139835390947,
24400,0.145696721311,0.145081967213,0.142745901639,0.143975409836,0.142909836066,0.139795081967,0.139795081967,
24500,0.145346938776,0.14506122449,0.142979591837,0.143918367347,0.142816326531,0.139755102041,0.14012244898,
24600,0.145325203252,0.14512195122,0.143089430894,0.143780487805,0.142926829268,0.139512195122,0.140243902439,
24700,0.145465587045,0.144858299595,0.142955465587,0.143967611336,0.142995951417,0.139311740891,0.14044534413,
24800,0.14564516129,0.144919354839,0.142983870968,0.14375,0.142862903226,0.139516129032,0.140322580645,
24900,0.145502008032,0.144859437751,0.142891566265,0.143694779116,0.14313253012,0.139397590361,0.140522088353,
25000,0.14568,0.14496,0.14268,0.14368,0.14316,0.13948,0.14036,
25100,0.145258964143,0.145298804781,0.142948207171,0.143705179283,0.142948207171,0.139561752988,0.140278884462,
25200,0.145079365079,0.145277777778,0.143174603175,0.14369047619,0.142936507937,0.139365079365,0.140476190476,
25300,0.144861660079,0.145217391304,0.143320158103,0.143636363636,0.143043478261,0.139249011858,0.140671936759,
25400,0.145039370079,0.145236220472,0.143267716535,0.143779527559,0.143070866142,0.139212598425,0.140393700787,
25500,0.145019607843,0.145294117647,0.143450980392,0.14368627451,0.142941176471,0.139450980392,0.140156862745,
25600,0.1451171875,0.145234375,0.1433984375,0.1435546875,0.1430078125,0.13953125,0.14015625,
25700,0.145058365759,0.145175097276,0.143229571984,0.143657587549,0.143073929961,0.139610894942,0.140194552529,
25800,0.14507751938,0.145,0.143178294574,0.143449612403,0.143372093023,0.139651162791,0.140271317829,
25900,0.145173745174,0.144749034749,0.143127413127,0.143397683398,0.143397683398,0.139768339768,0.140386100386,
26000,0.145346153846,0.144692307692,0.142961538462,0.143384615385,0.143346153846,0.139846153846,0.140423076923,
26100,0.145440613027,0.144559386973,0.142950191571,0.143486590038,0.143295019157,0.14,0.140268199234,
26200,0.145190839695,0.144465648855,0.143015267176,0.143435114504,0.143244274809,0.140229007634,0.140419847328,
26300,0.144980988593,0.144448669202,0.143155893536,0.143536121673,0.14319391635,0.140266159696,0.140418250951,
26400,0.144810606061,0.144696969697,0.14303030303,0.143371212121,0.143181818182,0.140340909091,0.140568181818,
26500,0.144754716981,0.144528301887,0.142905660377,0.143358490566,0.143358490566,0.140452830189,0.140641509434,
26600,0.144812030075,0.144661654135,0.142932330827,0.143270676692,0.143383458647,0.140338345865,0.140601503759,
26700,0.14468164794,0.144531835206,0.142996254682,0.143220973783,0.143483146067,0.140524344569,0.140561797753,
26800,0.14473880597,0.144589552239,0.142947761194,0.143134328358,0.143470149254,0.140447761194,0.140671641791,
26900,0.144869888476,0.1443866171,0.14312267658,0.143011152416,0.143420074349,0.140520446097,0.140669144981,
27000,0.144777777778,0.144481481481,0.143148148148,0.143037037037,0.143296296296,0.140481481481,0.140777777778,
27100,0.144760147601,0.144501845018,0.143210332103,0.143099630996,0.143247232472,0.14036900369,0.140811808118,
27200,0.144705882353,0.144632352941,0.143382352941,0.143014705882,0.143235294118,0.140441176471,0.140588235294,
27300,0.144578754579,0.144688644689,0.14326007326,0.143076923077,0.143186813187,0.140476190476,0.140732600733,
27400,0.144489051095,0.144379562044,0.143357664234,0.143357664234,0.143211678832,0.140401459854,0.140802919708,
27500,0.144618181818,0.144145454545,0.143309090909,0.143272727273,0.143163636364,0.140618181818,0.140872727273,
27600,0.144565217391,0.144130434783,0.143442028986,0.143405797101,0.143152173913,0.140579710145,0.140724637681,
27700,0.14440433213,0.144187725632,0.143537906137,0.143718411552,0.143104693141,0.140577617329,0.140469314079,
27800,0.14428057554,0.144460431655,0.143597122302,0.143597122302,0.143129496403,0.140539568345,0.140395683453,
27900,0.144444444444,0.144480286738,0.143620071685,0.143727598566,0.143010752688,0.140501792115,0.140215053763,
28000,0.144571428571,0.144678571429,0.143428571429,0.143892857143,0.142892857143,0.140464285714,0.140071428571,
28100,0.144483985765,0.144804270463,0.143487544484,0.143879003559,0.142669039146,0.140533807829,0.140142348754,
28200,0.144326241135,0.144822695035,0.143510638298,0.143829787234,0.142872340426,0.140425531915,0.140212765957,
28300,0.144346289753,0.144911660777,0.143427561837,0.143780918728,0.142826855124,0.140494699647,0.140212014134,
28400,0.144225352113,0.145,0.143345070423,0.143697183099,0.142887323944,0.140528169014,0.140316901408,
28500,0.144140350877,0.145228070175,0.143438596491,0.143614035088,0.142877192982,0.140385964912,0.140315789474,
28600,0.144125874126,0.145,0.143391608392,0.143566433566,0.142902097902,0.140699300699,0.140314685315,
28700,0.144181184669,0.144982578397,0.143449477352,0.143554006969,0.142682926829,0.140731707317,0.140418118467,
28800,0.144270833333,0.145034722222,0.143263888889,0.143611111111,0.142604166667,0.140798611111,0.140416666667,
28900,0.144186851211,0.145155709343,0.143287197232,0.143460207612,0.142698961938,0.141003460208,0.140207612457,
29000,0.144137931034,0.145310344828,0.143206896552,0.143586206897,0.142655172414,0.140965517241,0.140137931034,
29100,0.144054982818,0.145463917526,0.143024054983,0.143505154639,0.142783505155,0.140790378007,0.140378006873,
29200,0.14404109589,0.145308219178,0.142979452055,0.143801369863,0.142534246575,0.14102739726,0.140308219178,
29300,0.144061433447,0.145392491468,0.142696245734,0.143822525597,0.142764505119,0.140989761092,0.140273037543,
29400,0.144081632653,0.145442176871,0.142755102041,0.143775510204,0.142823129252,0.140884353741,0.140238095238,
29500,0.144338983051,0.145186440678,0.142813559322,0.143559322034,0.142983050847,0.140949152542,0.140169491525,
29600,0.144324324324,0.14527027027,0.142905405405,0.143581081081,0.142837837838,0.14097972973,0.140101351351,
29700,0.14430976431,0.145353535354,0.142929292929,0.143501683502,0.142727272727,0.14101010101,0.140168350168,
29800,0.144295302013,0.145268456376,0.143020134228,0.143456375839,0.142751677852,0.140939597315,0.140268456376,
29900,0.144247491639,0.145585284281,0.142876254181,0.143411371237,0.142775919732,0.140903010033,0.140200668896,
30000,0.1443,0.145366666667,0.142833333333,0.143366666667,0.143033333333,0.141033333333,0.140066666667,
30100,0.144252491694,0.145514950166,0.142790697674,0.143189368771,0.143255813953,0.140996677741,0.14,
30200,0.144271523179,0.145430463576,0.143013245033,0.143079470199,0.143410596026,0.140960264901,0.139834437086,
30300,0.144323432343,0.145313531353,0.143069306931,0.143201320132,0.143498349835,0.140825082508,0.139768976898,
30400,0.144375,0.145328947368,0.143190789474,0.142993421053,0.143453947368,0.140888157895,0.139769736842,
30500,0.144295081967,0.145409836066,0.143147540984,0.143016393443,0.143573770492,0.141016393443,0.139540983607,
30600,0.144183006536,0.145196078431,0.143366013072,0.143104575163,0.143594771242,0.141078431373,0.139477124183,
30700,0.143941368078,0.145211726384,0.14338762215,0.14325732899,0.143517915309,0.141335504886,0.139348534202,
30800,0.144058441558,0.145292207792,0.143376623377,0.143311688312,0.143409090909,0.141298701299,0.139253246753,
30900,0.144110032362,0.145663430421,0.143527508091,0.143236245955,0.143365695793,0.140938511327,0.139158576052,
31000,0.143870967742,0.145580645161,0.143806451613,0.143225806452,0.143322580645,0.140935483871,0.139258064516,
31100,0.143987138264,0.145466237942,0.143697749196,0.143054662379,0.143408360129,0.141093247588,0.139292604502,
31200,0.144070512821,0.145416666667,0.143653846154,0.143237179487,0.143461538462,0.140993589744,0.139166666667,
31300,0.144057507987,0.145463258786,0.143418530351,0.143067092652,0.143610223642,0.141022364217,0.139361022364,
31400,0.144044585987,0.14550955414,0.143343949045,0.143057324841,0.143662420382,0.140828025478,0.139554140127,
31500,0.143841269841,0.145555555556,0.143428571429,0.142920634921,0.14380952381,0.140888888889,0.139555555556,
31600,0.144050632911,0.145379746835,0.143639240506,0.142974683544,0.143481012658,0.14082278481,0.139651898734,
31700,0.144006309148,0.145394321767,0.143501577287,0.142902208202,0.143596214511,0.140977917981,0.139621451104,
31800,0.144025157233,0.145188679245,0.143522012579,0.142955974843,0.143616352201,0.14106918239,0.139622641509,
31900,0.144137931034,0.145078369906,0.143510971787,0.142915360502,0.143636363636,0.141191222571,0.139529780564,
32000,0.14421875,0.14496875,0.14353125,0.14296875,0.14365625,0.141,0.13965625,
32100,0.144299065421,0.144890965732,0.143582554517,0.142897196262,0.143676012461,0.141028037383,0.139626168224,
32200,0.144378881988,0.144782608696,0.143571428571,0.142763975155,0.143540372671,0.141180124224,0.139782608696,
32300,0.144303405573,0.144829721362,0.143715170279,0.142786377709,0.143374613003,0.141176470588,0.139814241486,
32400,0.144351851852,0.144969135802,0.143641975309,0.142777777778,0.143302469136,0.141172839506,0.139783950617,
32500,0.1444,0.144830769231,0.143692307692,0.142707692308,0.143353846154,0.141230769231,0.139784615385,
32600,0.144570552147,0.145030674847,0.143711656442,0.142668711656,0.143190184049,0.141134969325,0.139693251534,
32700,0.144556574924,0.14504587156,0.143669724771,0.142813455657,0.143211009174,0.141039755352,0.139663608563,
32800,0.144542682927,0.14512195122,0.143536585366,0.142865853659,0.142957317073,0.14112804878,0.139847560976,
32900,0.144498480243,0.145258358663,0.143738601824,0.142674772036,0.14282674772,0.141185410334,0.139817629179,
33000,0.144545454545,0.145242424242,0.143909090909,0.142575757576,0.142727272727,0.141151515152,0.139848484848,
33100,0.144592145015,0.145287009063,0.143806646526,0.14253776435,0.142719033233,0.141087613293,0.13996978852,
33200,0.144638554217,0.145361445783,0.143765060241,0.142710843373,0.142801204819,0.14093373494,0.139789156627,
33300,0.144504504505,0.145315315315,0.143753753754,0.142852852853,0.142732732733,0.141051051051,0.13978978979,
33400,0.144491017964,0.145419161677,0.14380239521,0.142664670659,0.142724550898,0.141107784431,0.139790419162,
33500,0.144567164179,0.145611940299,0.14376119403,0.142626865672,0.142776119403,0.141104477612,0.139552238806,
33600,0.144553571429,0.145714285714,0.143779761905,0.14255952381,0.142857142857,0.140982142857,0.139553571429,
33700,0.144569732938,0.145786350148,0.143709198813,0.142462908012,0.14296735905,0.140919881306,0.139584569733,
33800,0.144556213018,0.145887573964,0.143668639053,0.142603550296,0.142810650888,0.140857988166,0.139615384615,
33900,0.144395280236,0.146017699115,0.143598820059,0.142418879056,0.142890855457,0.140855457227,0.13982300885,
34000,0.144352941176,0.146117647059,0.143529411765,0.142411764706,0.142911764706,0.140882352941,0.139794117647,
34100,0.144252199413,0.146041055718,0.143548387097,0.142346041056,0.143079178886,0.141055718475,0.139677419355,
34200,0.144239766082,0.146052631579,0.143625730994,0.142485380117,0.143040935673,0.140906432749,0.139649122807,
34300,0.144198250729,0.145976676385,0.143819241983,0.142390670554,0.143032069971,0.140962099125,0.139620991254,
34400,0.144186046512,0.14601744186,0.143691860465,0.142296511628,0.143023255814,0.141220930233,0.139563953488,
34500,0.144115942029,0.146028985507,0.14368115942,0.142376811594,0.143130434783,0.141188405797,0.13947826087,
34600,0.144075144509,0.145809248555,0.143670520231,0.142369942197,0.143294797688,0.141271676301,0.13950867052,
34700,0.144121037464,0.145792507205,0.143515850144,0.142276657061,0.143371757925,0.141412103746,0.139510086455,
34800,0.144224137931,0.145833333333,0.143333333333,0.142298850575,0.14341954023,0.141465517241,0.139425287356,
34900,0.144269340974,0.145816618911,0.14340974212,0.142263610315,0.143467048711,0.141489971347,0.139283667622,
35000,0.144171428571,0.145914285714,0.143428571429,0.142257142857,0.143571428571,0.141457142857,0.1392,
35100,0.144245014245,0.145726495726,0.143988603989,0.142279202279,0.143447293447,0.141168091168,0.139145299145,
35200,0.144261363636,0.145681818182,0.144090909091,0.1421875,0.143494318182,0.1409375,0.139346590909,
35300,0.144135977337,0.145779036827,0.144050991501,0.142436260623,0.143371104816,0.140849858357,0.139376770538,
35400,0.144209039548,0.145677966102,0.144011299435,0.142542372881,0.143559322034,0.140790960452,0.139209039548,
35500,0.144197183099,0.145746478873,0.143971830986,0.14261971831,0.143436619718,0.140957746479,0.139070422535,
35600,0.144185393258,0.145617977528,0.144157303371,0.142696629213,0.14356741573,0.140842696629,0.13893258427,
35700,0.144257703081,0.145602240896,0.144173669468,0.142717086835,0.143557422969,0.140756302521,0.13893557423,
35800,0.144189944134,0.145670391061,0.144217877095,0.142625698324,0.143407821229,0.140865921788,0.139022346369,
35900,0.14426183844,0.145403899721,0.144568245125,0.142534818942,0.143398328691,0.140807799443,0.139025069638,
36000,0.144,0.145388888889,0.144694444444,0.142694444444,0.143472222222,0.140666666667,0.139083333333,
36100,0.144099722992,0.145373961219,0.144487534626,0.142520775623,0.143407202216,0.140969529086,0.139141274238,
36200,0.144060773481,0.145276243094,0.144585635359,0.142486187845,0.143342541436,0.141104972376,0.139143646409,
36300,0.144077134986,0.145261707989,0.144600550964,0.142506887052,0.143250688705,0.141184573003,0.1391184573,
36400,0.144175824176,0.14510989011,0.144697802198,0.142472527473,0.143379120879,0.141043956044,0.139120879121,
36500,0.144191780822,0.144876712329,0.144712328767,0.142465753425,0.143616438356,0.14104109589,0.139095890411,
36600,0.14412568306,0.144890710383,0.144754098361,0.142459016393,0.143633879781,0.140928961749,0.139207650273,
36700,0.143978201635,0.144822888283,0.144713896458,0.14242506812,0.143623978202,0.1410626703,0.139373297003,
36800,0.14402173913,0.144755434783,0.144673913043,0.1425,0.143722826087,0.141005434783,0.139320652174,
36900,0.143875338753,0.144742547425,0.144769647696,0.142493224932,0.14379403794,0.141111111111,0.139214092141,
37000,0.144027027027,0.144810810811,0.144783783784,0.142567567568,0.143675675676,0.140918918919,0.139216216216,
37100,0.143989218329,0.144716981132,0.144905660377,0.142506738544,0.143773584906,0.140916442049,0.139191374663,
37200,0.144032258065,0.144596774194,0.145080645161,0.142419354839,0.143709677419,0.140887096774,0.139274193548,
37300,0.144128686327,0.144530831099,0.145040214477,0.142332439678,0.143592493298,0.140938337802,0.139436997319,
37400,0.14422459893,0.144465240642,0.145213903743,0.142459893048,0.143502673797,0.140855614973,0.139278074866,
37500,0.144053333333,0.1444,0.14528,0.14248,0.14336,0.140986666667,0.13944,
37600,0.144015957447,0.144335106383,0.145239361702,0.142553191489,0.143404255319,0.140930851064,0.139521276596,
37700,0.144137931034,0.144270557029,0.145066312997,0.142652519894,0.14350132626,0.140954907162,0.139416445623,
